receiver positions
244
0.5 0.0 1.5
1.0 0.0 1.5
1.5 0.0 1.5
2.0 0.0 1.5
2.5 0.0 1.5
3.0 0.0 1.5
3.5 0.0 1.5
4.0 0.0 1.5
4.5 0.0 1.5
5.0 0.0 1.5
5.5 0.0 1.5
6.0 0.0 1.5
6.5 0.0 1.5
7.0 0.0 1.5
7.5 0.0 1.5
8.0 0.0 1.5
8.5 0.0 1.5
9.0 0.0 1.5
9.5 0.0 1.5
10.0 0.0 1.5
10.5 0.0 1.5
11.0 0.0 1.5
11.5 0.0 1.5
12.0 0.0 1.5
12.5 0.0 1.5
13.0 0.0 1.5
13.5 0.0 1.5
14.0 0.0 1.5
14.5 0.0 1.5
15.0 0.0 1.5
15.5 0.0 1.5
16.0 0.0 1.5
16.5 0.0 1.5
17.0 0.0 1.5
17.5 0.0 1.5
18.0 0.0 1.5
18.5 0.0 1.5
19.0 0.0 1.5
19.5 0.0 1.5
20.0 0.0 1.5
20.5 0.0 1.5
21.0 0.0 1.5
21.5 0.0 1.5
22.0 0.0 1.5
22.5 0.0 1.5
23.0 0.0 1.5
23.5 0.0 1.5
24.0 0.0 1.5
24.5 0.0 1.5
25.0 0.0 1.5
25.5 0.0 1.5
26.0 0.0 1.5
26.5 0.0 1.5
27.0 0.0 1.5
27.5 0.0 1.5
28.0 0.0 1.5
28.5 0.0 1.5
29.0 0.0 1.5
29.5 0.0 1.5
30.0 0.0 1.5
30.5 0.0 1.5
31.0 0.0 1.5
31.5 0.0 1.5
32.0 0.0 1.5
32.5 0.0 1.5
33.0 0.0 1.5
33.5 0.0 1.5
34.0 0.0 1.5
34.5 0.0 1.5
35.0 0.0 1.5
35.5 0.0 1.5
36.0 0.0 1.5
36.5 0.0 1.5
37.0 0.0 1.5
37.5 0.0 1.5
38.0 0.0 1.5
38.5 0.0 1.5
39.0 0.0 1.5
39.5 0.0 1.5
40.0 0.0 1.5
40.5 0.0 1.5
41.0 0.0 1.5
41.5 0.0 1.5
42.0 0.0 1.5
42.5 0.0 1.5
43.0 0.0 1.5
43.5 0.0 1.5
44.0 0.0 1.5
44.5 0.0 1.5
45.0 0.0 1.5
45.5 0.0 1.5
46.0 0.0 1.5
46.5 0.0 1.5
47.0 0.0 1.5
47.5 0.0 1.5
48.0 0.0 1.5
48.5 0.0 1.5
49.0 0.0 1.5
49.5 0.0 1.5
50.0 0.0 1.5
50.5 0.0 1.5
51.0 0.0 1.5
51.5 0.0 1.5
52.0 0.0 1.5
52.5 0.0 1.5
53.0 0.0 1.5
53.5 0.0 1.5
54.0 0.0 1.5
54.5 0.0 1.5
55.0 0.0 1.5
55.5 0.0 1.5
56.0 0.0 1.5
56.5 0.0 1.5
57.0 0.0 1.5
57.5 0.0 1.5
58.0 0.0 1.5
58.5 0.0 1.5
59.0 0.0 1.5
59.5 0.0 1.5
60.0 0.0 1.5
60.5 0.0 1.5
61.0 0.0 1.5
61.5 0.0 1.5
62.0 0.0 1.5
62.5 0.0 1.5
63.0 0.0 1.5
63.5 0.0 1.5
64.0 0.0 1.5
64.5 0.0 1.5
65.0 0.0 1.5
65.5 0.0 1.5
66.0 0.0 1.5
66.5 0.0 1.5
67.0 0.0 1.5
67.5 0.0 1.5
68.0 0.0 1.5
68.5 0.0 1.5
69.0 0.0 1.5
69.5 0.0 1.5
70.0 0.0 1.5
70.5 0.0 1.5
71.0 0.0 1.5
71.5 0.0 1.5
72.0 0.0 1.5
72.5 0.0 1.5
73.0 0.0 1.5
73.5 0.0 1.5
74.0 0.0 1.5
74.5 0.0 1.5
75.0 0.0 1.5
75.5 0.0 1.5
76.0 0.0 1.5
76.5 0.0 1.5
77.0 0.0 1.5
77.5 0.0 1.5
33.6 0.0 1.5
33.6 -0.5 1.5
33.6 -1.0 1.5
33.6 -1.5 1.5
33.6 -2.0 1.5
33.6 -2.5 1.5
33.6 -3.0 1.5
33.6 -3.5 1.5
33.6 -4.0 1.5
33.6 -4.5 1.5
33.6 -5.0 1.5
33.6 -5.5 1.5
33.6 -6.0 1.5
33.6 -6.5 1.5
33.6 -7.0 1.5
33.6 -7.5 1.5
33.6 -8.0 1.5
33.6 -8.5 1.5
33.6 -9.0 1.5
33.6 -9.5 1.5
33.6 -10.0 1.5
33.6 -10.5 1.5
33.6 -11.0 1.5
33.6 -11.5 1.5
33.6 -12.0 1.5
33.6 -12.5 1.5
33.6 -13.0 1.5
33.6 -13.5 1.5
33.6 -14.0 1.5
33.6 -14.5 1.5
33.6 -15.0 1.5
33.6 -15.5 1.5
33.6 -16.0 1.5
33.6 -16.5 1.5
33.6 -17.0 1.5
33.6 -17.5 1.5
33.6 -18.0 1.5
33.6 -18.5 1.5
33.6 -19.0 1.5
33.6 -19.5 1.5
33.6 -20.0 1.5
33.6 -20.5 1.5
33.6 -21.0 1.5
33.6 -21.5 1.5
33.6 -22.0 1.5
33.6 -22.5 1.5
33.6 -23.0 1.5
33.6 -23.5 1.5
33.6 -24.0 1.5
33.6 -24.5 1.5
33.6 -25.0 1.5
33.6 -25.5 1.5
33.6 -26.0 1.5
33.6 -26.5 1.5
33.6 -27.0 1.5
33.6 -27.5 1.5
33.6 -28.0 1.5
33.6 -28.5 1.5
33.6 -29.0 1.5
33.6 -29.5 1.5
33.6 -30.0 1.5
33.6 -30.5 1.5
33.6 -31.0 1.5
33.6 -31.5 1.5
33.6 -32.0 1.5
33.6 -32.5 1.5
33.6 -33.0 1.5
33.6 -33.5 1.5
33.6 -34.0 1.5
33.6 -34.5 1.5
33.6 -35.0 1.5
33.6 -35.5 1.5
33.6 -36.0 1.5
33.6 -36.5 1.5
33.6 -37.0 1.5
33.6 -37.5 1.5
33.6 -38.0 1.5
33.6 -38.5 1.5
33.6 -39.0 1.5
33.6 -39.5 1.5
33.6 -40.0 1.5
33.6 -40.5 1.5
33.6 -41.0 1.5
33.6 -41.5 1.5
33.6 -42.0 1.5
33.6 -42.5 1.5
33.6 -43.0 1.5
33.6 -43.5 1.5
33.6 -44.0 1.5
